Plot 27: Pairwise McNemar's Test P-Values
============================================================

              Gemini (AT)  Gemini (W)  GLM (AT)  GLM (W)  Claude (AT)  Claude (W)  Grok (AT)  Grok (W)  MiniMax (AT)  MiniMax (W)
Gemini (AT)        1.0000      0.0012    0.2998   0.3820       0.0971      0.0100     0.0532    0.0057        0.0227       0.0055
Gemini (W)         0.0012      1.0000    0.0271   0.0210       0.1007      0.4943     0.2113    0.6230        0.3626       0.8012
GLM (AT)           0.2998      0.0271    1.0000   1.0000       0.6135      0.1491     0.3908    0.1046        0.2067       0.0573
GLM (W)            0.3820      0.0210    1.0000   1.0000       0.5465      0.1019     0.3633    0.0803        0.2068       0.0420
Claude (AT)        0.0971      0.1007    0.6135   0.5465       1.0000      0.3149     0.7859    0.2713        0.4703       0.1917
Claude (W)         0.0100      0.4943    0.1491   0.1019       0.3149      1.0000     0.5915    0.9312        0.8545       0.7344
Grok (AT)          0.0532      0.2113    0.3908   0.3633       0.7859      0.5915     1.0000    0.4671        0.7909       0.3456
Grok (W)           0.0057      0.6230    0.1046   0.0803       0.2713      0.9312     0.4671    1.0000        0.7205       0.8643
MiniMax (AT)       0.0227      0.3626    0.2067   0.2068       0.4703      0.8545     0.7909    0.7205        1.0000       0.5454
MiniMax (W)        0.0055      0.8012    0.0573   0.0420       0.1917      0.7344     0.3456    0.8643        0.5454       1.0000

Significant pairs (p < 0.05):
  Gemini (AT) vs Gemini (W): p = 0.0012
  Gemini (AT) vs Claude (W): p = 0.0100
  Gemini (AT) vs Grok (W): p = 0.0057
  Gemini (AT) vs MiniMax (AT): p = 0.0227
  Gemini (AT) vs MiniMax (W): p = 0.0055
  Gemini (W) vs GLM (AT): p = 0.0271
  Gemini (W) vs GLM (W): p = 0.0210
  GLM (W) vs MiniMax (W): p = 0.0420
